============ Step 01 ==========
Dump (11)    4,    9,    1,    1,   99,    8,   42,   42,   42,   -1,    3, 
Dump (10)   99,    1,  -42,   21,   12,   21,   99,   -7,   42,   42, 
============ Step 02 ==========
3
0
============ Step 03 ==========
true
false
false
true
============ Step 04 ==========
Dump (11)    4,    9,    1,    1,   99,    8,   42,   42,   42,   -1,    3, 
Dump (11)    4,    9,    1, -421, -421,    8,   42,   42,   42,   -1,    3, 
============ Step 05 ==========
Dump (11)    4,    9,    1, -421, -421,    8,   42,   42,   42,   -1,    3, 
Dump (11)    4,   18,    2, -842, -842,   16,   84,   84,   84,   -2,    3, 
============ Step 06 ==========
Dump (11)    4,   18,    2, -842, -842,   16,   84,   84,   84,   -2,    3, 
Dump ( 8)    4,   18,    2, -842, -842,   16,   -2,    3, 
============ Step 07 ==========
Dump (10)   99,    1,  -42,   21,   12,   21,   99,   -7,   42,   42, 
Dump (10)   42,   42,   -7,   99,   21,   12,   21,  -42,    1,   99, 
============ Step 08 ==========
Dump (10)   42,   42,   -7,   99,   21,   12,   21,  -42,    1,   99, 
Dump ( 9)   42,   -7,   99,   21,   12,   21,  -42,    1,   99, 
============ Step 09 ==========
Dump ( 8)    4,   18,    2, -842, -842,   16,   -2,    3, 
Dump ( 8) -842, -842,   -2,    2,    3,    4,   16,   18, 
============ Step 10 ==========
Dump ( 9)   42,   -7,   99,   21,   12,   21,  -42,    1,   99, 
Dump ( 9)   99,   99,   42,   21,   21,   12,    1,   -7,  -42, 
============ Step 11 ==========
Dump ( 9)   99,   99,   42,   21,   21,   12,    1,   -7,  -42, 
Dump ( 9)   21,   21,   12,    1,   -7,  -42,   99,   99,   42, 
Dump ( 9)   99,   42,   21,   21,   12,    1,   -7,  -42,   99, 
============ Step 12 ==========
Dump ( 9)   99,   42,   21,   21,   12,    1,   -7,  -42,   99, 
Dump ( 9)   99,   42,  777,  777,   12,    1,   -7,  -42,   99, 
============ Step 13 ==========
Dump ( 9)   99,   42,  777,  777,   12,    1,   -7,  -42,   99, 
Dump ( 7)   99,   42,   12,    1,   -7,  -42,   99, 
============ Step 14 ==========
Dump ( 8) -842, -842,   -2,    2,    3,    4,   16,   18, 
Dump ( 7)  -42,   -7,    1,   12,   42,   99,   99, 
Dump (15)    0,    0,    0,    0,    0,    0,    0,    0,    0,    0,    0,    0,    0,    0,    0, 
Dump (15) -842, -842,  -42,   -7,   -2,    1,    2,    3,    4,   12,   16,   18,   42,   99,   99, 
